4.1166,3.9319,4.415
4.1166,3.9319,4.415
4.8976,-5.9451,1.4146
10.159,-18.474,2.6503
5.113,-1.7924,4.4315
3.2588,12.497,0.33787
26.693,15.276,-2.143
1.2592,-5.0663,6.3054
7.2245,-9.4573,3.18
5.7814,-2.5794,2.7654
0.85412,12.15,3.2351
0.85412,12.15,3.2351
-3.3104,-5.0577,5.5665
6.089,-12.211,-0.78564
8.8442,6.6871,5.4588
4.8125,11.168,3.9889
4.8125,11.168,3.9889
-1.5067,-1.8602,5.2998
6.6688,-14.875,2.0397
6.2442,8.3056,6.2927
-0.85534,3.6817,5.4347
-0.85534,3.6817,5.4347
3.2117,-10.075,0.2321
6.7034,-17.573,-0.62933
8.5185,6.5179,7.0723
7.303,10.043,4.7417
7.303,10.043,4.7417
4.3489,-8.6109,2.2782
3.9745,-16.572,-0.26783
8.6133,6.9409,4.5527
0.87958,25.126,4.9511
0.87958,25.126,4.9511
5.655,-7.1246,1.6263
8.2303,-16.01,0.42357
6.8214,2.8189,5.8301
7.8148,13.356,2.9352
7.8148,13.356,2.9352
5.596,-9.0111,-0.31799
5.6036,-17.808,1.5222
7.5293,5.6972,4.7839
1.2773,11.731,2.967
1.2773,11.731,2.967
6.3301,-12.074,0.58929
10.42,-17.045,3.0453
11.485,5.5999,5.934
5.9099,10.671,2.5107
5.9099,10.671,2.5107
2.0461,-12.595,0.38559
10.3,-17.537,3.7343
9.1283,7.1168,3.9747
5.9196,20.501,3.8043
5.9196,20.501,3.8043
6.5353,-12.409,1.4803
5.7667,-21.19,2.9184
9.6276,4.8127,5.5607
6.8732,23.091,4.5684
6.8732,23.091,4.5684
6.5353,-12.409,1.4803
5.2419,-18.992,2.0286
5.3904,4.3127,7.0954
3.5984,21.776,1.7602
3.5984,21.776,1.7602
2.4169,-13.183,0.9992
4.5031,-15.763,3.9208
8.3615,6.7218,5.669
8.0253,15.267,0.78436
8.0253,15.267,0.78436
1.0232,-6.8021,1.9179
6.9505,-14.609,3.6309
7.4751,8.3593,6.2596
6.1127,13.946,1.0112
6.1127,13.946,1.0112
5.6308,-8.8205,1.0455
7.8451,-11.592,1.3371
7.9319,7.0224,8.8756
4.6851,12.883,1.0844
9.1833,16.81,-0.16367
2.3803,-7.0765,0.9822
4.1485,-16.67,2.6101
6.1198,6.0576,5.1271
5.6201,12.955,1.1303
4.575,10.209,0.32354
6.5821,-2.1553,1.5952
4.2571,-14.44,1.6076
5.3496,4.1105,6.1905
2.5833,17.752,2.3182
6.2747,23.845,0.34935
1.8845,-9.832,3.1164
3.1098,-17.744,1.9636
9.6562,4.2327,6.2711
3.4207,15.804,1.3739
9.8957,18.91,-2.651
4.4371,-6.882,1.9237
2.4892,-13.914,2.7671
-1.7698,2.1443,5.3795
5.7789,10.638,-0.68468
17.774,25.42,0.98628
3.9856,-13.501,3.6624
3.9856,-13.501,3.6624
-1.0968,3.6207,6.0192
8.082,15.537,-2.6806
9.6896,23.51,0.94879
4.0211,-13.085,4.0143
0.79917,-8.9453,3.2194
2.7928,2.2931,5.8666
7.8345,16.545,-0.30242
7.8612,23.184,1.6082
6.4307,-10.337,2.9564
1.3506,-7.1482,5.2053
5.7721,2.1777,4.5629
7.9806,10.278,-1.5532
4.1811,18.641,1.0977
-0.09948,-0.24288,3.0491
1.7329,-16.45,3.8684
6.7842,2.8806,4.4211
4.307,11.38,-1.0053
4.67,19.967,0.029455
5.3072,-14.235,2.251
0.79526,-19.32,3.191
5.8248,2.8596,3.7968
9.4203,10.801,-1.8564
5.8204,18.345,-0.10552
2.3973,-10.782,3.0345
2.9267,-17.511,2.1948
3.964,3.1189,3.8143
14.24,14.905,-2.2593
6.4666,15.536,0.56047
0.87571,-3.4968,3.2759
-0.094196,-3.7348,6.3577
8.3387,-0.69982,3.0655
9.9085,20.839,-2.5532
6.9168,7.5011,-2.2658
2.4479,-12.101,5.699
-5.8451,-9.6968,3.6963
0.6512,-0.56593,3.0238
12.639,17.936,-3.0324
6.7671,15.833,-1.8223
5.4851,-5.1864,5.546
2.8722,-4.1908,3.4286
3.9244,-1.9464,1.0748
9.6977,19.395,-2.5041
9.8579,17.512,-0.43273
3.8489,-9.0894,3.761
5.3329,-1.0191,3.058
7.0474,-1.539,4.8591
8.2763,21.185,-0.082554
10.728,19.492,-0.68535
2.3645,-5.0784,6.2924
2.3073,-4.809,3.2089
8.2393,-0.12568,4.4892
5.9226,9.5169,1.2768
1.3784,19.693,-2.3125
-2.6131,2.3976,4.0184
-1.9572,-9.6253,4.7962
6.0713,1.4462,6.1332
8.432,11.95,1.0098
8.9136,22.92,-2.3075
2.9154,-2.6123,6.2607
-4.4775,-13.197,1.8667
7.1165,-0.8166,5.9668
7.8495,28.162,-1.687
10.937,21.322,-1.3398
2.551,-4.0127,4.6124
5.9332,-12.605,2.7938
9.6969,-2.9341,5.74
9.6969,-2.9341,5.74
6.2233,22.542,-0.73733
0.098788,-3.9984,7.8326
-1.4227,-17.499,0.83473
5.2411,-1.2509,3.5214
5.2411,-1.2509,3.5214
8.4401,25.086,0.1614
6.9535,5.2499,5.0273
0.78728,-17.693,1.791
4.501,-1.0207,2.2539
4.501,-1.0207,2.2539
8.5106,8.6941,0.0059136
1.5891,-2.3328,8.0494
0.043356,-16.223,0.20073
2.3448,-1.5866,2.6221
2.3448,-1.5866,2.6221
7.9094,18.118,-1.1698
4.9712,-1.5227,7.8772
4.9712,-1.5227,7.8772
-4.2891,-3.0578,1.0317
-4.2891,-3.0578,1.0317
5.812,19.831,-1.7385
0.67295,-1.9139,5.7676
2.389,-18.784,1.6655
-5.1192,-2.2664,0.82536
-5.1192,-2.2664,0.82536
3.1443,14.677,-0.83093
3.4352,-3.6448,4.0774
0.26778,-20.291,1.8478
4.7174,-5.6271,1.9851
4.7174,-5.6271,1.9851
4.7174,-5.6271,1.9851
1.167,-3.7555,4.1177
0.8199,-20.296,2.0387
-0.89454,-3.1271,1.9453
-0.89454,-3.1271,1.9453
-0.89454,-3.1271,1.9453
7.6004,-9.4022,2.9074
-1.7614,-16.949,4.9654
0.67871,-5.1226,1.5142
0.67871,-5.1226,1.5142
0.67871,-5.1226,1.5142
-4.443,-1.1697,3.838
0.67335,-16.038,4.176
-5.253,-2.8562,2.9024
-5.253,-2.8562,2.9024
-5.253,-2.8562,2.9024
2.6651,-15.033,4.1043
2.3859,-18.534,3.2034
0.28503,-6.086,2.5434
0.28503,-6.086,2.5434
0.28503,-6.086,2.5434
6.4685,-11.247,6.2131
4.3311,-18.646,4.3265
6.3292,5.4615,4.6842
6.3292,5.4615,4.6842
6.3292,5.4615,4.6842
1.0897,-0.5314,4.6997
5.0979,-18.343,3.1191
4.1935,3.5651,1.1717
4.1935,3.5651,1.1717
4.1935,3.5651,1.1717
5.968,-7.4251,3.9372
3.5721,-19.667,2.6235
1.9412,-1.0168,1.0829
6.93,8.0859,3.9999
6.93,8.0859,3.9999
5.9291,-7.2375,2.8566
4.7331,-17.837,3.3208
3.9387,-0.8142,3.0098
5.2052,15.328,4.1026
5.2052,15.328,4.1026
-0.3895,-1.8693,4.0333
4.3826,-18.792,4.0763
-0.83014,2.3972,3.3666
2.9049,6.0248,4.2069
2.9049,6.0248,4.2069
4.2618,-8.461,2.9427
3.7429,-19.092,4.4295
-1.4289,6.6392,3.1023
9.6107,9.2841,5.3458
9.6107,9.2841,5.3458
5.0584,-3.4136,3.2337
5.0584,-3.4136,3.2337
2.5364,1.8148,2.7582
0.069189,5.5279,5.262
0.069189,5.5279,5.262
4.0769,-1.9637,4.5836
5.0165,-19.627,5.8687
0.0088983,6.0564,4.2581
3.0598,9.0311,2.7983
11.418,-10.782,3.473
4.8752,-6.3235,3.0298
4.8949,-17.917,6.3916
4.0124,6.0077,2.7962
8.9681,4.4306,2.5423
10.303,-1.5142,5.3269
5.2477,-2.5781,4.759
8.0256,-17.762,5.7079
4.6853,9.3835,1.4896
8.4225,4.8924,5.7166
7.2271,5.4117,4.6693
2.8699,-0.91299,4.3892
6.9605,-19.001,6.5299
9.0565,6.9894,2.19
10.632,3.3317,3.8921
7.4854,22.361,3.2933
0.83928,0.69226,4.1296
0.83928,0.69226,4.1296
7.0258,5.2582,-0.10101
4.9348,7.7441,2.2384
11.789,5.3133,1.2533
7.8656,-4.654,1.9147
7.8656,-4.654,1.9147
4.2353,6.19,2.0794
7.3692,1.3012,1.7768
11.352,6.2227,2.8431
9.2707,-5.5743,2.7881
7.9977,-16.819,8.7321
6.8539,7.0021,0.91983
5.0869,2.3204,0.44055
6.4215,4.3575,1.6429
4.822,4.9465,5.1446
4.822,4.9465,5.1446
6.0226,2.3048,1.6291
3.3901,6.4167,3.4547
8.1458,4.8143,1.7133
4.7556,5.0049,3.7271
4.7556,5.0049,3.7271
10.426,1.9541,1.8472
1.6422,-1.5226,0.96463
8.8151,2.6955,2.3777
9.2173,-7.1201,2.5958
9.2173,-7.1201,2.5958
6.3285,1.6802,2.6701
1.4199,-2.1232,4.4466
11.085,3.4947,0.28369
7.0299,-3.8985,2.4151
8.698,-25.373,4.1381
4.7154,-0.69052,2.4826
0.58762,-0.45117,3.9949
6.4739,0.5933,2.4788
1.156,1.8312,3.2138
1.156,1.8312,3.2138
4.6114,1.5436,3.8985
5.5768,-1.7809,4.5358
12.105,5.1077,8.4497
5.9398,4.9096,2.5739
7.5938,-14.48,2.1577
5.7855,7.0702,4.4918
5.6586,-1.3862,4.2726
11.239,-0.36183,2.9832
5.311,-3.6635,1.1065
13.341,-17.54,6.159
7.1156,10.311,4.8879
3.6247,-1.9336,4.0485
8.2542,-0.86181,3.6603
9.8295,-4.281,1.6817
10.646,-13.793,5.1493
6.2603,15.819,1.9438
4.394,-2.9787,3.9296
6.4727,-0.71957,3.5644
9.0384,-15.977,1.6132
4.4164,-16.855,2.206
6.3341,6.4845,6.4157
6.6966,-2.3934,2.9787
10.935,-1.2176,3.1814
14.075,-10.116,1.1461
7.3094,-11.567,1.9528
6.4343,8.0529,4.5901
7.0586,-2.2571,3.3808
6.0183,-2.441,3.1758
8.9723,-9.7055,0.84479
7.8968,-18.281,2.2095
12.574,6.6547,3.0264
3.3557,-3.8511,3.1532
5.5917,-0.2071,4.1224
5.4679,-15.766,0.45444
7.0629,-11.69,1.8071
9.5867,7.6242,4.9375
-0.026017,-4.5848,2.2679
7.3131,-2.3005,3.5437
4.5158,-5.3997,0.88981
5.3894,-16.209,0.75429
4.7412,8.5018,3.4724
2.8703,-3.6247,2.4838
6.0887,-1.2132,4.4089
8.4414,-0.15638,0.24197
6.3769,-8.0332,-1.0188
2.6239,7.5466,3.3885
-2.3362,-4.369,3.2935
3.3064,-1.2986,4.2695
3.3064,-1.2986,4.2695
8.8735,-10.301,2.6775
3.4871,4.1468,3.9005
6.6395,-8.2176,3.7593
6.3423,-0.18496,4.6438
5.9745,0.54323,-0.67413
6.3526,-10.029,1.8787
2.4542,5.4789,5.2343
8.0066,-8.508,4.5084
7.1482,-0.23172,4.9441
6.1593,-5.3854,-1.0326
1.927,-15.797,3.7508
4.161,3.9642,4.3583
7.4374,-8.8046,4.5486
1.6699,-3.4817,4.6218
8.2153,-0.59267,-2.0327
7.0141,-10.764,3.6286
1.0205,4.0034,3.3936
5.8529,-7.8489,3.3483
1.2572,-4.0142,4.5277
3.5164,-5.7001,-0.42522
5.7041,-12.299,1.8276
-0.93303,1.8294,3.8567
3.757,-5.6052,2.5365
1.8427,-0.36862,5.2589
10.52,-1.1425,-0.27768
7.308,-8.8121,0.91336
2.7698,3.1371,4.2807
7.088,-7.1699,3.3724
4.1436,0.30692,3.8629
9.3841,-3.0202,-1.1099
6.5752,-16.572,2.214
4.4361,2.3512,4.6914
7.0877,-5.1211,3.3017
2.873,-0.54164,4.8303
7.4961,-2.7947,1.0944
7.4961,-2.7947,1.0944
-3.1424,13.213,6.2012
0.70995,-3.5611,0.78664
7.7244,-1.8015,4.6066
7.4714,-0.74412,1.388
6.77,-8.4106,3.531
-0.070332,4.3941,8.7187
2.0678,-1.0602,2.8127
9.0973,-1.0894,4.7383
3.7811,-3.1469,3.1231
7.4991,-6.4319,3.6766
2.0374,1.5674,9.6375
2.5951,-0.43011,1.7387
8.1297,-3.6324,4.0628
1.6343,-1.4751,1.788
4.9458,-12.038,2.6971
2.417,1.3209,7.9185
-0.77735,-0.45767,2.6065
3.3172,-1.4712,3.9387
5.5927,0.99444,1.9033
9.2558,-12.609,3.229
7.2016,-0.82532,6.823
4.1739,-0.24738,2.685
-0.092069,-0.69379,2.8951
4.7997,0.90267,4.0763
3.8993,-7.3136,1.6903
2.7622,-4.2227,4.3256
8.294,6.0368,2.9739
0.026934,1.6763,3.741
4.8784,-0.091653,1.9904
7.556,-9.3474,3.5335
6.3736,-3.7209,6.3979
-1.434,3.0353,3.6528
3.7466,2.1825,1.6289
7.4916,0.3411,0.40108
7.4555,-7.9129,3.7716
2.1169,-5.8791,4.3309
-0.35688,6.4019,3.2388
2.9825,-0.13941,1.2597
7.5073,1.9312,1.8203
8.2932,-6.8014,4.2652
5.2635,-5.7955,3.6575
1.756,4.3033,2.8501
0.20045,-1.2843,2.7018
7.4206,1.5891,2.6466
7.4206,1.5891,2.6466
6.494,-4.1603,3.4709
-1.0727,4.7727,2.266
-0.24818,-1.5206,4.0616
9.313,2.5968,0.27645
4.3266,-7.27,3.6647
8.7103,-1.9807,4.0681
3.7283,8.3096,1.4939
5.8477,-5.5546,2.3519
9.8886,2.4497,0.95742
7.6095,-6.4463,4.3822
8.1025,-3.2685,3.8934
3.7381,9.0492,1.8427
3.8125,-6.3938,3.9602
10.369,1.5485,1.484
10.369,1.5485,1.484
5.8855,-0.70582,3.3123
5.2594,8.2531,1.4042
3.3635,-8.6775,2.9946
7.6406,1.441,1.8679
4.901,-6.7436,5.7487
0.40183,-2.7478,4.2251
7.0462,10.322,0.153
4.465,-6.8492,2.5166
7.6048,3.7364,3.0335
7.0483,-6.7544,4.8233
4.0671,-4.2077,4.9329
9.3194,11.08,1.9434
0.44698,-9.5584,2.7304
8.5136,5.2472,1.9823
8.5136,5.2472,1.9823
2.1501,-5.3409,5.2203
9.5067,8.6699,-0.238
3.1905,17.377,2.5552
5.1026,4.83,1.3484
5.1026,4.83,1.3484
2.2202,-5.2575,7.0617
-6.2594,-6.3528,-5.3173
12.701,28.224,-1.9564
8.2281,4.3226,3.8226
2.2573,-1.8249,4.2043
6.8229,-8.3051,6.858
5.1089,12.345,-1.9306
5.1089,12.345,-1.9306
4.8166,1.459,5.0562
-0.46902,-5.1318,3.6031
2.0782,-6.0166,4.6975
2.8518,10.112,0.044791
11.534,17.199,-0.58709
2.2,4.2728,5.8903
0.52638,1.2391,4.4545
6.0263,-11.067,4.4567
-1.1907,20.671,3.3319
-1.1907,20.671,3.3319
3.0933,-18.517,2.8863
0.7575,-2.8793,4.3896
10.996,-11.653,4.0935
-0.64378,22.581,2.7931
-0.64378,22.581,2.7931
5.471,-0.93228,4.2757
3.7694,-3.8889,3.6446
6.1331,-14.432,4.1838
4.6423,7.6963,3.1496
4.6423,7.6963,3.1496
5.7041,-0.043042,5.199
4.6141,-4.3663,4.0299
10.479,-14.017,5.3126
1.7798,15.383,2.9712
1.7798,15.383,2.9712
4.3777,1.4001,5.9192
4.0761,-6.6355,3.2443
11.574,-12.086,7.3654
-1.0247,10.031,2.1447
-1.0247,10.031,2.1447
8.0036,2.3778,7.3021
2.2577,-8.2831,4.373
7.1171,-15.082,5.2268
2.0052,8.1164,2.4756
2.0052,8.1164,2.4756
5.2227,0.81211,4.8293
5.1399,-4.9528,4.714
8.7258,-21.66,4.6026
0.048991,8.0544,2.7023
0.048991,8.0544,2.7023
1.3027,1.1621,2.791
4.8005,-6.0373,4.5262
6.438,-13.382,4.6829
5.7603,4.9558,2.5864
5.7603,4.9558,2.5864
0.70426,0.25097,2.8739
0.70426,0.25097,2.8739
7.564,-13.425,4.5799
5.8942,6.3678,6.1974
12.595,22.824,-0.071569
5.6524,9.6475,3.194
2.9244,-4.4948,3.8299
6.4736,-14.409,5.8908
6.5688,9.2111,2.0115
6.5688,9.2111,2.0115
5.9055,2.9598,2.9999
5.9055,2.9598,2.9999
9.7705,-13.98,5.8086
6.0038,5.4359,1.1909
6.0038,5.4359,1.1909
1.6389,6.5335,2.7865
8.5699,-4.9677,5.7526
9.3989,-16.449,5.8123
5.1637,12.121,0.3187
5.1637,12.121,0.3187
7.3042,3.8154,1.9329
2.7258,-7.6388,2.7657
7.6411,-16.273,6.2598
3.3924,5.603,1.9161
3.3924,5.603,1.9161
4.9512,3.0469,3.2372
6.7683,-6.9754,3.1839
9.5988,-15.277,5.3593
5.2479,-0.007461,1.8887
5.2479,-0.007461,1.8887
1.571,1.5877,5.1534
9.762,-4.0398,3.9962
8.878,-15.315,6.1814
8.1811,-0.63084,2.6992
8.1811,-0.63084,2.6992
8.1811,-0.63084,2.6992
3.5468,-4.8974,3.3248
9.2092,-14.862,7.0605
6.3242,-1.503,1.2974
6.3242,-1.503,1.2974
5.5346,4.6471,3.4375
6.44,-4.6278,3.2768
5.9525,-9.7366,9.7851
3.1252,-0.59913,4.3215
3.1252,-0.59913,4.3215
3.1252,-0.59913,4.3215
13.467,-3.2962,5.5994
12.172,-16.255,8.7593
0.55331,-3.0965,5.4093
0.55331,-3.0965,5.4093
8.4516,5.1267,2.2329
11.428,-3.6088,3.6906
9.5158,-17.617,8.8574
6.9543,-2.8338,1.515
6.9543,-2.8338,1.515
7.3347,7.4002,0.70119
12.178,-3.5075,3.7753
9.9431,-14.734,10.068
7.6468,-3.1593,6.1303
7.6468,-3.1593,6.1303
7.8093,5.3755,0.023106
10.415,-4.7448,2.9065
6.2511,-15.559,11.189
9.0603,-4.5929,5.2478
9.0603,-4.5929,5.2478
5.7255,8.1023,-0.82067
8.9968,-3.8812,2.9358
12.083,-18.323,8.7122
5.0727,-7.4039,6.7601
5.0727,-7.4039,6.7601
7.1818,7.0958,0.59591
7.2724,-4.475,2.6665
10.347,-17.608,10.343
5.668,-5.9437,5.2874
5.668,-5.9437,5.2874
7.8381,16.086,-0.96725
6.0766,-4.8944,2.3565
7.9282,-19.241,11.088
7.366,-8.7083,6.0002
7.366,-8.7083,6.0002
7.6191,11.703,-0.60475
2.5455,-5.0567,2.0051
2.5455,-5.0567,2.0051
9.0828,-11.115,5.8392
9.0828,-11.115,5.8392
5.9206,16.615,0.80488
13.122,-5.3326,2.7693
12.133,-22.377,12.566
9.5007,-10.396,4.9101
6.3922,8.8246,2.1472
6.3922,8.8246,2.1472
2.0342,-7.3088,3.2515
9.9755,-14.996,10.388
9.8628,-11.479,5.7538
7.6222,-7.7642,1.275
7.6222,-7.7642,1.275
11.572,-7.045,5.3877
9.9184,-20.137,12.158
7.8126,-12.962,5.6946
8.5807,12.697,4.8488
11.529,16.459,0.92142
11.318,-6.3098,5.4363
3.6169,5.7036,5.081
8.6625,-14.401,6.0153
11.435,6.3216,1.7223
11.435,6.3216,1.7223
11.41,-12.45,3.0071
-3.0953,5.8465,5.4081
13.036,-17.053,8.2244
6.7203,7.0441,1.634
12.603,15.24,-2.107
10.715,-16.805,-0.54208
3.9331,14.96,4.3876
6.4481,-18.025,8.5456
6.9752,4.6325,3.6619
7.6579,10.979,-4.006
7.7845,-24.21,1.4627
3.7652,10.247,5.1358
9.9007,-15.153,5.5664
9.1013,3.7714,2.3368
8.7947,9.2029,-4.4884
5.1939,-20.687,-0.52389
3.6973,9.0113,6.2867
8.7275,-18.614,5.363
9.9148,-8.6543,4.1616
9.9148,-8.6543,4.1616
9.4695,-16.913,1.4361
5.4689,8.717,6.8881
6.9302,-17.268,6.9048
6.9302,-17.268,6.9048
14.317,20.536,-0.93649
6.9042,-16.772,0.30996
7.1819,9.777,8.5921
14.54,-21.833,8.9555
14.54,-21.833,8.9555
8.7828,12.062,-1.6054
1.8764,-21.516,-1.5788
6.0888,8.6312,4.7768
6.8066,-18.154,6.5619
9.2889,8.2372,2.2489
9.2889,8.2372,2.2489
9.6888,-6.9195,1.543
2.4065,6.82,7.3242
8.8409,-17.52,10.355
3.5698,15.217,3.5926
3.5698,15.217,3.5926
9.0359,-4.0948,6.0751
3.2968,9.2388,6.413
15.955,-19.836,9.6471
15.955,-19.836,9.6471
15.955,-19.836,9.6471
6.7237,-15.171,2.5235
4.5765,6.5961,5.2095
9.0179,-17.904,7.7292
9.0179,-17.904,7.7292
9.0179,-17.904,7.7292
7.578,-12.471,0.16971
4.6932,9.3354,4.5029
10.159,-18.144,7.9659
10.159,-18.144,7.9659
14.237,-12.207,-0.29806
10.528,-10.277,-1.7638
7.6141,7.6794,6.2569
11.651,-19.797,8.9012
11.651,-19.797,8.9012
10.087,-11.42,3.1112
10.852,-10.12,1.4887
8.1289,5.9779,7.5485
9.5477,-17.985,7.9507
9.5477,-17.985,7.9507
9.9875,-12.928,2.7733
12.905,-8.5667,0.0063015
3.4074,9.2694,4.605
7.6299,-18.037,8.236
7.6299,-18.037,8.236
7.7127,-0.75064,3.9845
7.285,-10.289,0.3675
8.3477,9.3985,2.7217
10.464,-19.923,8.2811
10.464,-19.923,8.2811
9.7838,-2.1004,2.0361
8.1488,-13.044,2.3607
3.6401,7.6839,4.5693
10.951,-19.585,8.82
-3.7111,-13.734,4.6103
5.5057,-1.0438,-0.57504
5.7872,-10.406,-1.7459
0.95221,7.3393,4.7083
8.8755,-20.333,8.523
-1.1891,13.298,3.6622
6.8549,2.053,0.23598
5.1303,-13.343,-0.38441
5.201,4.5078,5.143
9.1644,-23.147,7.4934
-3.9285,-14.067,2.5366
8.7017,0.87113,2.5841
8.515,-7.9934,-0.13451
3.1301,3.68,2.636
8.8076,-24.264,6.7518
-2.8233,-12.318,3.2415
7.5482,-0.34613,2.9299
3.4109,-13.977,3.6641
-1.4141,9.2799,-0.97719
7.3978,-27.139,8.3213
0.88358,-12.632,3.8724
6.2667,-8.8758,-2.49
5.7633,-10.262,0.32316
0.037992,9.7577,-0.0059513
8.629,-24.599,7.2141
0.29855,-12.766,4.1985
5.1341,-12.691,1.6321
6.405,-7.9505,-0.75315
2.1652,4.9049,1.7612
2.1652,4.9049,1.7612
-0.30449,-11.095,2.7379
9.3059,6.094,-1.149
4.5634,-16.151,-0.76575
-4.0759,11.428,0.76075
-4.0759,11.428,0.76075
4.2851,-10.82,1.4554
4.5927,2.4925,-0.72771
6.4996,-10.092,0.20188
4.0328,3.539,2.9021
4.0328,3.539,2.9021
5.766,-10.313,2.8956
4.0641,-5.0075,1.2795
6.6185,-10.139,3.2021
-3.2748,10.07,1.191
-3.2748,10.07,1.191
4.8737,-9.407,5.0165
4.5678,-9.2033,3.38
10.157,-7.7395,4.6381
-2.953,2.6263,5.3578
2.3444,7.298,5.534
6.4287,-8.3027,3.1318
4.0943,-0.67583,0.8724
5.1887,-8.3848,1.291
2.3476,9.9907,4.8398
4.3896,8.9545,4.2976
2.2002,-8.8204,3.1693
7.5257,-0.97305,1.5714
5.322,-13.877,1.5995
-1.5644,4.236,4.9964
4.3019,11.062,3.6308
2.2782,-7.6002,2.8878
8.6605,0.053406,0.063932
4.411,-5.0034,-0.89898
6.3128,-0.61712,5.4908
4.1365,7.8313,4.4461
2.9884,-8.0997,2.0649
6.398,1.4651,0.4228
6.0497,-5.1886,2.5797
-2.3346,1.2038,6.647
4.7759,6.8206,5.8761
7.8041,-7.6221,0.74961
3.58,2.21,1.5464
4.4788,-13.443,4.2798
3.378,-2.3635,4.1386
3.3758,6.6227,4.6333
2.1238,-7.9253,2.1608
5.0721,1.2945,2.1642
4.5102,0.0067129,1.9826
0.90493,-0.63594,2.1963
7.4753,5.4809,4.7076
7.0186,-6.9182,3.5254
9.7557,2.0201,0.99274
3.6524,1.3238,2.786
1.7724,-1.1798,0.72493
3.2652,5.1364,4.8049
4.4243,-7.3138,4.4097
3.6988,4.2588,3.3991
4.626,1.1993,0.85179
3.7086,-5.4103,1.5728
7.6497,5.3011,4.99
6.034,-5.1831,4.3886
13.326,4.6708,-0.16668
3.5959,3.0314,3.291
6.3758,-5.1411,2.499
5.064,2.1747,4.5753
6.7878,-5.5202,3.9896
9.6467,5.8916,1.4646
2.5592,1.978,3.4405
5.8283,-9.457,-2.2409
10.535,5.2301,5.0942
10.079,-1.854,3.8013
11.802,6.1965,0.96841
2.0842,2.7558,0.96598
2.8887,-8.1125,4.2313
7.2543,7.0629,6.2534
9.1509,-3.7692,2.6945
8.071,8.2615,3.5141
1.1885,2.7203,2.2861
5.4766,-15.234,4.7801
0.30301,5.3335,5.7331
8.9272,-2.995,1.1831
8.5507,6.403,2.6984
3.6178,1.1062,0.9741
11.284,-5.3637,5.6017
6.7483,9.1531,-0.23746
7.3624,-3.604,2.2738
5.5417,5.518,0.36332
3.9835,2.1692,1.0302
11.076,-17.432,6.1202
3.2051,2.649,-1.1666
8.0837,-3.917,1.9926
7.2367,3.8227,1.2328
1.0382,-1.0626,1.4979
9.9052,-15.009,3.6471
3.4948,0.95878,-0.44368
7.6752,-4.8943,2.5453
5.323,6.5554,1.169
0.10873,1.412,0.53311
7.1057,-16.402,2.7871
3.6823,1.052,-1.5375
7.3939,-5.036,1.9406
6.2192,9.7214,3.4927
-0.91752,2.7745,0.23901
6.4549,-15.484,2.4192
6.0261,2.463,-0.80855
7.7125,-3.0428,2.4569
10.439,10.536,2.4785
3.9574,2.4002,-0.53124
12.665,-12.451,8.7045
4.9801,5.4587,1.2687
8.5824,-4.3722,2.1902
7.8101,16.884,0.15762
1.189,3.8879,0.032962
9.616,-16.116,5.6844
6.1619,7.0269,0.32356
10.295,-3.9715,2.8195
7.4025,17.274,1.1631
-0.01206,4.4628,0.39376
-0.01206,4.4628,0.39376
6.1072,9.9453,1.1652
3.4555,3.7765,6.5312
3.3432,9.0872,2.6262
2.0441,3.7731,1.3303
10.973,-16.99,10.509
9.279,6.3555,-0.11887
8.2349,4.3814,5.4776
5.0933,19.083,1.8464
-0.04995,4.1355,1.8573
10.907,-13.605,6.5589
8.4286,7.6219,1.9922
3.4376,3.6373,6.7662
9.687,11.744,-1.6843
3.2582,7.6209,0.80861
8.9547,-14.836,7.2861
5.8984,6.6998,0.2145
10.577,4.6492,3.9463
5.9765,7.9943,-2.3383
-1.7384,4.5548,-0.59391
6.7835,-18.898,7.1772
6.584,8.9906,1.3244
4.7204,4.4745,4.6011
8.6678,12.399,-1.0467
0.68661,4.733,1.4219
2.7825,-15.924,8.3432
7.2627,8.0195,1.3416
5.7274,13.299,4.9472
4.9514,9.4348,-1.4189
4.3186,8.7936,1.6891
6.0477,-17.343,7.9918
6.0238,7.5842,-0.40096
5.4,3.1896,5.5393
1.9266,8.6351,-2.5303
-0.11753,6.3325,0.55367
6.838,-15.865,10.095
6.3995,8.2999,-0.13151
3.831,10.077,5.8254
3.3474,14.19,-3.7836
1.7802,5.6653,0.56712
6.9795,-15.971,9.4893
5.1719,5.4648,0.21118
4.9894,-9.3134,5.5218
3.6086,3.9471,-0.81617
-0.94581,4.1368,-0.90919
4.1595,-21.475,10.261
6.4496,7.864,0.86902
5.0894,6.8989,4.203
3.5781,13.138,-2.3315
2.6112,3.0427,-0.61145
2.6112,3.0427,-0.61145
8.6859,8.1116,1.0567
6.6605,4.6144,4.4193
7.8823,18.502,-3.9077
5.1831,3.1403,1.0852
5.1831,3.1403,1.0852
6.6604,5.4283,1.4039
8.272,9.9546,6.2315
8.2081,22.903,-2.5743
7.3679,3.647,0.42303
1.0758,-17.169,10.529
10.095,9.7189,0.51611
10.095,9.7189,0.51611
8.299,19.175,-6.0203
5.8386,6.8637,0.078826
5.8386,6.8637,0.078826
11.178,6.8067,-0.0095647
8.1744,7.9473,4.2211
6.0551,22.092,-3.749
10.289,8.1118,-1.2759
10.289,8.1118,-1.2759
5.1539,6.8172,-1.4794
3.4145,-12.437,1.674
6.2256,22.897,-1.8378
9.829,12.144,0.6021
9.829,12.144,0.6021
12.412,7.5062,-0.33535
4.1055,18.393,4.2546
4.1055,18.393,4.2546
9.5166,15.844,0.9702
9.5166,15.844,0.9702
4.0512,6.177,0.65315
4.0512,6.177,0.65315
4.0512,6.177,0.65315
11.759,14.554,3.0586
11.759,14.554,3.0586
11.487,6.8043,0.64395
8.6461,-3.6606,2.9376
5.2058,20.627,-2.4035
10.99,16.899,2.7584
10.99,16.899,2.7584
-0.51851,6.7206,1.7438
-0.51851,6.7206,1.7438
-0.51851,6.7206,1.7438
-0.51851,6.7206,1.7438
-0.51851,6.7206,1.7438
10.519,6.6974,1.8582
7.1534,8.9813,6.4779
7.1534,8.9813,6.4779
7.1534,8.9813,6.4779
7.1534,8.9813,6.4779
7.4545,5.9007,1.0611
7.4545,5.9007,1.0611
7.4545,5.9007,1.0611
7.4545,5.9007,1.0611
7.4545,5.9007,1.0611
5.2742,6.0034,1.3953
5.2742,6.0034,1.3953
5.2742,6.0034,1.3953
5.2742,6.0034,1.3953
5.2742,6.0034,1.3953
5.2742,6.0034,1.3953
5.2742,6.0034,1.3953
5.2742,6.0034,1.3953
8.5543,23.295,0.33401
8.5543,23.295,0.33401
7.5583,17.17,0.35622
7.5583,17.17,0.35622
7.5583,17.17,0.35622
9.4313,13.268,0.11211
9.4313,13.268,0.11211
8.1971,11.792,-0.95776
8.1971,11.792,-0.95776
8.1971,11.792,-0.95776
11.012,17.565,-2.3015
11.012,17.565,-2.3015
9.2268,3.0845,0.31099
9.2268,3.0845,0.31099
9.2268,3.0845,0.31099
9.2268,3.0845,0.31099
9.2268,3.0845,0.31099
12.179,1.4924,-0.1172
12.179,1.4924,-0.1172
12.179,1.4924,-0.1172
12.179,1.4924,-0.1172
5.7459,-2.6614,3.6672
10.153,2.5157,2.8349
10.465,-32.625,3.0329
10.465,-32.625,3.0329
10.465,-32.625,3.0329
6.9992,5.344,3.3291
14.47,-1.506,1.8664
-0.21647,8.8906,4.063
-0.21647,8.8906,4.063
-0.21647,8.8906,4.063
5.7387,5.5735,3.8339
11.12,1.7476,2.6287
-8.4866,5.4765,4.73
7.9803,-20.5,3.4346
7.9803,-20.5,3.4346
2.6271,3.2797,6.4975
7.3783,3.2284,2.2967
-3.6674,9.4398,3.6583
6.0408,-17.8,5.1965
6.0408,-17.8,5.1965
6.2035,7.4972,4.824
10.352,-1.735,1.405
4.4195,10.252,4.9293
6.6696,-3.2408,2.368
6.6696,-3.2408,2.368
4.3755,7.5773,4.7318
8.1831,-2.5533,1.5451
8.8629,-12.211,6.8831
2.9843,-4.1549,2.4009
4.7073,-19.792,2.2786
4.1428,7.5226,3.9486
10.434,9.2642,-0.25898
4.0351,9.6688,5.7459
2.2654,-16.465,1.1618
6.311,-16.237,-0.51492
7.1992,6.3686,4.4926
8.0317,-7.1593,1.3397
1.3763,8.416,3.6915
8.6521,-1.35,2.1557
8.206,-14.092,2.0931
4.2928,7.3688,5.0229
6.4688,6.5866,1.0878
2.6024,16.795,7.0949
8.001,-2.0294,0.7682
9.2667,-13.954,3.7092
1.6072,6.5458,3.5323
8.1728,-6.0067,0.5777
6.7862,19.97,3.2614
7.7618,-2.0404,-0.34286
4.5418,-18.185,-0.69163
6.1124,4.8516,2.251
5.9851,5.8763,-0.63359
-4.0292,3.8157,0.58242
3.6361,0.3475,-0.23583
7.219,-18.264,-1.7068
5.2094,4.3316,4.5363
12.271,-6.5906,1.43
-1.3621,12.593,4.9722
2.756,0.51825,0.6898
5.1476,-22.661,0.2528
1.2521,6.2613,4.5932
1.2521,6.2613,4.5932
0.58143,13.138,4.1094
7.4063,-1.3286,-0.014082
2.2754,-14.53,0.34067
-1.5118,3.999,4.3903
-5.197,-7.3439,0.85441
6.5248,6.6721,2.6766
2.9331,-16.062,1.3648
4.8479,-19.061,0.36418
-1.2498,2.8707,4.8667
-1.2498,2.8707,4.8667
4.6044,-10.916,1.948
5.4644,1.7643,1.7079
5.3039,-16.989,-2.1175
-1.1698,2.9211,6.3196
-1.1698,2.9211,6.3196
4.0295,15.56,6.4036
1.2619,5.7617,0.57573
5.7393,-18.038,0.93691
-2.2137,2.469,5.3826
-2.2137,2.469,5.3826
-11.294,3.1101,0.75681
8.2988,0.3712,-0.73013
5.1054,-13.87,2.7311
-0.12914,1.4332,6.6007
-0.12914,1.4332,6.6007
8.2565,11.331,0.91021
5.9743,-7.399,1.4385
9.4332,-15.888,3.056
0.93684,-0.043497,6.1696
0.93684,-0.043497,6.1696
3.9339,5.58,1.3417
5.8764,-10.867,1.1132
6.8303,-13.171,2.9863
-1.3721,1.6418,4.3412
-1.3721,1.6418,4.3412
6.7514,12.077,2.2387
3.7572,-7.3293,-1.1364
7.3276,-10.08,1.749
-1.3328,0.40081,4.6959
-1.3328,0.40081,4.6959
2.1562,13.33,2.9753
2.363,-5.2933,-1.6636
7.0859,-9.9619,3.2089
-0.85873,-0.93981,4.1712
4.8348,-11.866,-5.3123
4.0935,14.721,1.7626
4.5891,-1.3165,0.48057
5.9923,-16.615,3.2208
3.3164,-0.99995,3.2392
9.6019,-15.83,0.80407
2.8661,2.8288,7.7008
4.4647,-0.0382,1.6125
5.7739,-9.4784,3.9718
7.6595,-3.7583,3.7706
8.0144,-9.9425,-0.82487
5.4526,-7.845,4.8974
6.8093,-0.68442,3.4011
2.797,-17.23,2.5114
6.9775,-7.1656,1.7465
15.985,-22.586,1.9894
4.6643,2.9907,7.3624
7.9878,1.0816,5.0007
1.0335,-14.534,-2.7159
10.691,-5.6146,0.19446
8.1164,-22.614,0.69319
4.4496,4.7002,7.2787
7.5887,0.58823,3.7924
5.4613,-13.611,-1.5603
7.1201,-4.4769,-0.54962
2.6473,-17.493,0.66029
7.4399,-7.8853,5.8464
6.1387,2.7329,3.799
7.7596,-7.4461,-1.3228
3.0807,-4.1226,0.38799
0.45629,-19.906,-0.40106
8.4259,-6.5183,4.8238
6.7646,-0.29047,5.534
4.3175,-12.672,0.39456
4.2673,-2.5951,0.46855
1.284,-19.649,0.71509
1.284,-19.649,0.71509
9.0377,1.1429,5.3368
3.9321,-10.675,3.3679
-3.9978,-0.71869,-1.5146
3.4494,-16.263,0.16228
3.4494,-16.263,0.16228
6.758,0.86976,5.4216
7.7808,-15.507,1.8481
4.1468,-3.4705,0.87908
4.8835,-21.493,0.6371
4.8835,-21.493,0.6371
5.4534,1.3046,5.8526
8.6023,-17.153,3.1999
-4.6683,-3.9676,1.6555
9.7832,-19.778,4.2237
4.0224,-7.1808,5.2731
3.0471,-1.0316,4.34
5.3351,-18.088,3.2572
0.9889,-4.3575,2.9923
7.0423,-19.419,2.404
7.0423,-19.419,2.404
-1.5423,-0.76342,2.4174
9.9286,-14.791,3.043
0.68257,-3.4723,1.7861
5.2932,-20.35,1.9866
5.2932,-20.35,1.9866
7.3934,-0.83838,5.2529
4.6306,-17.009,3.1239
-0.19105,-3.9765,1.6207
7.1424,-19.311,2.1771
7.1424,-19.311,2.1771
1.259,8.1114,4.7694
3.9547,-11.767,3.6054
1.1006,-4.8618,1.7717
1.1006,-4.8618,1.7717
1.1006,-4.8618,1.7717
2.6116,1.8959,6.001
5.8654,-10.824,2.5499
6.2045,2.7438,2.9017
6.4744,-18.171,1.5831
6.4744,-18.171,1.5831
8.1452,2.9491,3.8121
4.3588,-7.7886,5.766
-3.7458,-4.4335,2.0501
5.0196,-17.732,1.309
5.0196,-17.732,1.309
8.5143,2.449,2.7193
4.5248,-5.129,3.2191
-0.046276,-3.8511,3.0221
7.0117,-18.839,0.97075
7.0117,-18.839,0.97075
10.442,3.0777,4.3633
2.6837,-12.332,3.4415
-1.1896,-3.9159,1.2185
6.0573,-19.475,2.6719
6.0573,-19.475,2.6719
12.026,4.6717,3.116
5.0735,-11.626,7.5178
3.0433,-0.13954,0.27884
4.8482,-19.132,4.0791
4.8482,-19.132,4.0791
8.455,3.5769,2.5548
5.6815,-9.3705,1.3298
-3.4012,-4.1843,1.2779
11.52,-19.48,4.5451
11.52,-19.48,4.5451
4.1085,-0.54531,3.0643
4.2841,-6.6044,3.1004
-4.9661,-4.6001,1.7773
7.1016,-17.029,4.7204
7.1016,-17.029,4.7204
5.4243,7.2214,0.59301
5.2332,-4.888,5.7111
-1.3159,-5.2892,2.8475
7.9466,-18.5,5.4191
7.9466,-18.5,5.4191
1.1502,8.4199,0.45825
3.7539,-4.8247,5.4235
-0.25495,-7.3276,2.5145
7.5321,0.12865,4.5067
7.5321,0.12865,4.5067
1.5712,0.46304,1.3088
1.8439,-1.5333,4.8795
3.6484,-9.599,0.12193
7.9841,4.67,4.3173
7.9841,4.67,4.3173
0.18578,4.9571,0.60108
3.0495,-4.8147,4.9237
6.4452,-7.7114,2.2671
5.3146,6.4295,6.5725
5.3146,6.4295,6.5725
1.209,0.25895,2.5518
3.8173,-2.7746,3.2766
-3.5014,-6.6191,1.7063
6.3854,5.4495,5.6606
6.3854,5.4495,5.6606
9.6132,0.89336,4.7659
1.2985,-9.5513,1.3841
1.837,-8.7768,1.9841
5.2927,3.0843,6.3261
5.2927,3.0843,6.3261
4.4124,0.85445,2.8699
1.1334,-5.026,2.282
-6.7047,-11.296,1.7728
1.9632,4.8678,7.1338
1.9632,4.8678,7.1338
3.9092,-1.8683,2.1682
5.8991,-10.712,2.8699
6.4749,-13.192,3.1079
4.8124,3.351,6.3494
4.8124,3.351,6.3494
7.4876,1.0073,2.1048
4.2093,-9.6682,-0.18028
8.5511,-14.34,4.6719
3.9056,2.0168,7.0566
3.9056,2.0168,7.0566
4.5535,5.8357,1.6737
6.5683,-9.1321,0.73003
9.1932,-19.007,4.7952
5.5917,1.2447,5.5525
5.5917,1.2447,5.5525
4.1164,2.2608,2.1393
1.6986,-13.073,0.03797
15.162,-16.023,4.4682
6.5033,-1.4445,3.3417
6.5033,-1.4445,3.3417
3.5496,3.8854,1.589
-0.32635,-8.6311,1.4371
11.463,-19.655,4.3353
7.2438,-2.6031,6.4648
5.181,-12.662,4.0058
7.587,2.4535,0.80749
0.29846,-5.5716,2.9958
13.808,-16.557,5.0439
7.832,-0.13444,4.166
7.943,-13.808,4.3966
9.1748,1.7613,1.1524
4.1027,-11.914,0.29972
14.18,-19.137,6.8936
4.4174,-0.84529,7.7502
7.4263,-10.292,2.648
7.6447,7.1141,3.3534
6.6684,-12.883,-0.84179
15.243,-20.949,6.4257
2.6067,-0.72227,6.7287
2.6067,-0.72227,6.7287
11.2,6.1166,2.9921
4.0805,-11.341,-0.34929
4.0805,-11.341,-0.34929
7.3647,-1.9586,5.7686
7.3647,-1.9586,5.7686
7.8022,4.8837,0.95624
-4.2421,-5.239,3.5854
-4.2421,-5.239,3.5854
3.7748,-1.7458,5.7767
3.7748,-1.7458,5.7767
12.411,6.1408,1.6866
2.1171,-16.44,2.2354
5.2131,-15.081,2.5061
5.2446,-2.2453,3.8862
5.2446,-2.2453,3.8862
8.8755,9.4545,1.9255
2.6463,-17.479,3.2175
2.6463,-17.479,3.2175
6.4452,-0.57363,4.0071
6.4452,-0.57363,4.0071
7.9805,11.783,1.8064
3.53,-15.513,2.8358
2.8303,-10.031,5.8514
3.768,-1.8981,4.9985
3.768,-1.8981,4.9985
11.258,11.895,1.7342
6.8451,-14.326,2.6373
6.8451,-14.326,2.6373
10.903,-13.023,5.4062
10.903,-13.023,5.4062
12.655,13.417,1.9084
6.2362,-16.692,4.2441
6.2362,-16.692,4.2441
1.124,-1.7454,3.5192
1.124,-1.7454,3.5192
11.75,14.394,1.6387
6.3125,-14.972,4.0122
7.1407,-13.823,0.95704
5.8227,-3.0591,3.219
5.8227,-3.0591,3.219
14.73,15.838,1.2296
7.0352,-15.577,3.8261
13.912,-11.471,0.073474
5.9576,-0.98239,2.8129
5.9576,-0.98239,2.8129
15.341,15.858,1.4699
4.325,-12.846,5.73
2.366,-15.335,3.1838
1.3253,7.4023,2.9194
1.3253,7.4023,2.9194
14.344,17.504,0.77101
6.4347,-14.249,4.7075
6.4347,-14.249,4.7075
3.5152,-5.435,3.8924
3.5152,-5.435,3.8924
13.349,18.189,1.1795
4.0163,-14.751,3.9689
2.6178,-18.586,0.47581
0.95352,-4.9929,4.4421
0.95352,-4.9929,4.4421
16.187,15.397,-1.8985
7.3661,-13.154,4.0488
7.3661,-13.154,4.0488
4.3603,14.729,5.8544
4.3603,14.729,5.8544
12.061,-4.3143,2.7786
8.3864,-12.586,4.0252
8.3864,-12.586,4.0252
-3.497,-5.5467,3.6459
-3.497,-5.5467,3.6459
14.044,-3.5134,5.2433
6.221,-13.122,5.4248
6.221,-13.122,5.4248
2.9047,-2.7356,4.5703
2.9047,-2.7356,4.5703
12.055,-7.4177,4.1269
9.8499,-13.453,8.4207
9.8499,-13.453,8.4207
9.8499,-13.453,8.4207
9.8499,-13.453,8.4207
12.89,-4.8862,7.0342
5.0208,-15.136,7.4345
5.0208,-15.136,7.4345
5.0208,-15.136,7.4345
5.0208,-15.136,7.4345
10.775,-7.4002,2.943
5.3438,-12.177,7.5787
5.3438,-12.177,7.5787
5.3438,-12.177,7.5787
5.3438,-12.177,7.5787
10.638,-8.896,-1.5154
4.8421,-12.897,8.3671
4.8421,-12.897,8.3671
4.8421,-12.897,8.3671
4.8421,-12.897,8.3671
6.3984,-5.5083,0.59088
8.0649,-18.395,2.337
8.0649,-18.395,2.337
-3.0706,-31.681,6.2381
-3.0706,-31.681,6.2381
2.4799,-7.9748,1.4316
8.0373,-11.755,1.9094
10.636,10.8,2.5809
10.636,10.8,2.5809
10.636,10.8,2.5809
8.5149,-7.224,2.7611
5.2378,-14.178,4.4108
9.2842,-14.492,4.1405
9.2842,-14.492,4.1405
9.2842,-14.492,4.1405
2.1168,-8.6307,5.7944
8.6277,-12.37,6.808
4.2917,-14.936,0.30179
4.2917,-14.936,0.30179
4.2917,-14.936,0.30179
3.61,-9.7682,4.3249
5.2387,-13.888,1.8956
19.945,-9.3607,7.2822
-5.9292,-14.722,2.2653
-5.9292,-14.722,2.2653
7.1805,-8.7039,5.4965
4.4835,-14.159,3.777
5.7358,-20.332,-0.563
-1.7268,-12.494,0.28848
-1.7268,-12.494,0.28848
5.1897,-12.672,2.0309
-0.57121,-13.528,-1.1913
7.3737,12.428,1.7732
1.8099,-11.783,0.35928
1.8099,-11.783,0.35928
5.8795,-9.3764,3.0832
0.55101,-14.359,-3.6409
10.07,-11.849,3.0968
5.6755,-12.625,6.9415
5.6755,-12.625,6.9415
5.0618,-9.2606,5.938
1.4946,-16.463,-2.5565
1.8717,-19.542,-0.25506
-0.60785,-12.752,2.5954
-0.60785,-12.752,2.5954
3.502,-7.5323,7.4798
2.1414,-14.328,-1.5483
5.9889,-22.777,0.52942
3.3233,-14.356,4.4488
3.3233,-14.356,4.4488
5.6261,-7.2774,7.9019
5.1446,-15.649,3.0684
5.6635,-20.473,-1.8482
1.4063,-10.672,0.76941
1.4063,-10.672,0.76941
6.8381,-6.3547,8.2697
5.8377,-13.019,1.7716
5.8377,-13.019,1.7716
1.8637,-10.836,-0.50548
1.8637,-10.836,-0.50548
10.478,-7.7059,3.8808
3.8606,-14.798,4.0613
8.0515,-17.738,1.9566
2.5103,-12.426,0.36389
6.6015,15.859,6.9577
9.1926,-6.7474,2.3866
4.4019,-13.893,2.2126
4.5362,-18.884,-0.42853
3.3903,-10.178,1.0585
9.8441,14.976,3.4355
8.8321,-8.3912,1.8824
7.1823,-12.744,1.7298
4.8746,-17.014,-1.108
0.14986,-12.332,0.56521
12.628,-13.789,9.3266
5.7356,-6.93,-0.10441
4.3186,-13.577,0.18909
8.1773,-19.417,3.4528
2.6398,-13.901,0.30067
3.747,-5.2707,2.3414
3.6529,-14.469,0.10845
3.1332,-17.193,0.46484
-0.042575,-9.25,3.7487
7.0791,-6.207,2.0248
7.8899,-13.821,0.08215
4.0698,-18.402,0.80754
-3.4678,-7.2227,3.4395
7.6564,-5.9261,2.6359
5.0878,-14.21,2.7945
1.8081,-18.388,-0.010317
1.2394,-8.8003,4.1329
9.6539,-5.3943,1.675
9.0707,-12.334,1.429
2.7164,-16.41,-0.30671
4.0267,-7.5392,4.8359
9.2725,-3.0432,1.0208
8.8358,-11.856,-0.90939
8.8358,-11.856,-0.90939
5.5031,-5.2853,4.6144
7.4027,-3.0236,2.0607
7.2726,-12.365,-0.98287
7.2726,-12.365,-0.98287
-1.3109,-6.4099,4.5839
6.8261,-4.217,2.2108
5.7305,-10.721,0.090248
5.7305,-10.721,0.090248
4.2009,-4.9767,3.4835
10.356,-3.457,-0.45637
5.9987,-9.6096,0.90029
8.5703,-16.68,4.7548
1.7532,-5.3155,3.4469
11.353,-1.7901,0.33063
5.4243,-8.7647,-0.31084
8.4494,-12.081,0.31603
5.7476,-5.9409,2.768
7.8097,-4.9525,1.269
6.7228,-9.0449,3.2891
11.936,-6.7751,1.2615
4.9447,-4.7718,4.1363
11.035,-2.0315,-0.47774
2.5314,-12.876,1.0593
6.4994,14.197,-1.8788
-0.6949,-7.2782,4.3421
5.6422,-7.107,1.9144
4.8067,-11.753,0.49657
4.6911,-11.742,4.169
3.861,-5.985,4.8108
-1.1338,-0.86309,6.432
-3.2296,-17.626,0.12901
8.668,-7.6269,1.362
2.7218,-7.3938,4.1674
6.5179,-3.4528,4.2511
-0.36922,-19.221,0.45193
7.5996,-18.255,1.226
3.6481,-8.6803,2.8012
4.804,-5.5669,3.3718
7.5519,-19.661,2.7934
5.9948,-16.57,3.8093
9.9425,-8.6666,3.3852
0.71845,-5.0258,2.7864
5.4665,-20.107,1.6889
10.492,-13.991,1.8216
6.8691,-8.9567,3.2981
2.3146,-7.0808,7.1016
5.7605,-22.35,-0.0065348
5.7605,-22.35,-0.0065348
9.1341,-8.4959,4.1462
-1.3581,-3.2944,8.5698
5.2705,-16.971,3.6607
8.2707,-13.562,1.9422
5.4321,-9.106,4.1599
0.23864,-7.6436,9.0661
5.8214,-18.814,3.7979
7.8464,-13.328,3.6433
10.56,-9.6516,3.3646
6.9111,-8.3282,5.7125
5.0858,-18.205,4.0952
6.7937,-15.495,2.8089
3.9872,-0.52785,4.9652
1.6378,-6.5922,8.4851
7.2593,-17.905,5.0255
5.6699,-7.6439,4.1252
5.6126,7.4509,2.6498
6.7653,-11.191,8.3804
7.5342,-17.982,6.8381
4.2399,-8.3333,3.6211
-4.8642,1.7575,3.1107
-0.44096,-6.4002,7.2325
6.8951,-18.044,4.6562
6.4651,-12.6,4.7314
8.6235,-1.3796,3.2667
7.854,-6.6339,5.788
5.9612,-16.448,3.9751
4.4316,-13.141,3.3876
8.0637,-8.8101,2.1743
4.7927,-9.4002,5.5664
6.1959,-17.953,4.6424
7.0277,-15.561,2.9072
8.2109,-9.9381,3.568
5.0919,-7.7393,4.2561
3.0237,-20.473,2.7117
4.8781,-17.127,3.1876
3.5297,6.3826,4.4502
6.3152,-7.8916,4.9472
8.0986,-20.567,5.2824
6.0122,-11.951,4.4973
3.9218,-0.23355,2.8056
5.3625,-6.5649,4.5849
6.9756,-18.302,3.4545
6.9756,-18.302,3.4545
5.6209,1.4726,3.7588
4.5778,-5.8592,4.7486
5.9938,-18.914,3.6257
5.5482,-13.431,5.4304
2.3649,9.3158,1.5747
9.9699,-6.0339,4.0082
5.656,-16.338,4.0165
3.9096,-13.691,3.7907
2.459,-1.5204,2.6155
6.4384,-6.1207,5.3261
6.0821,-3.7344,3.6383
6.0821,-3.7344,3.6383
4.3009,0.56999,2.4432
8.2805,-5.9905,4.9935
4.1457,-5.1232,2.4256
9.4463,-17.9,0.57039
2.9931,-4.6677,1.7249
8.9599,-4.9773,5.9482
8.7345,-7.5231,3.8668
8.7345,-7.5231,3.8668
2.5507,7.6772,1.5991
9.5155,-4.7346,4.8614
6.0496,-4.491,3.0634
6.0496,-4.491,3.0634
4.5206,2.1588,2.176
12.865,-4.5418,4.9208
4.2018,-5.6381,4.8077
4.2018,-5.6381,4.8077
2.4046,0.36733,2.569
10.203,-4.2641,4.4934
10.608,-4.5156,6.719
10.608,-4.5156,6.719
7.12,9.0152,2.1392
9.0113,-4.4813,5.8375
9.83,-3.812,5.1055
9.83,-3.812,5.1055
2.605,-4.2359,1.3671
9.4949,-3.8961,3.361
8.6261,-6.4959,1.8967
8.6261,-6.4959,1.8967
8.6261,-6.4959,1.8967
8.4393,-2.8817,2.6305
8.1201,-5.1844,1.588
8.1201,-5.1844,1.588
8.1201,-5.1844,1.588
9.9414,-3.6029,3.567
6.5102,-5.4659,1.3685
6.5102,-5.4659,1.3685
6.5102,-5.4659,1.3685
9.8498,-3.2856,3.5709
6.6405,-6.132,2.7024
6.6405,-6.132,2.7024
5.1258,-0.26592,2.9006
9.5721,-2.5314,4.1655
8.129,-5.5403,3.9858
8.129,-5.5403,3.9858
8.129,-5.5403,3.9858
9.1831,-1.5324,3.9897
8.0089,-5.6347,4.6088
8.0089,-5.6347,4.6088
8.0089,-5.6347,4.6088
7.6398,-1.6448,4.7207
7.091,-6.3755,2.4039
7.091,-6.3755,2.4039
7.091,-6.3755,2.4039
18.729,0.25754,5.3165
8.3978,-4.5881,2.1944
8.3978,-4.5881,2.1944
8.3978,-4.5881,2.1944
15.65,0.020573,3.7721
9.3853,-4.3708,4.6755
4.6378,-18.704,5.7258
4.6378,-18.704,5.7258
-1.3004,5.2894,8.2067
7.4774,-5.2066,2.111
0.83151,-5.4898,-0.11265
0.83151,-5.4898,-0.11265
2.1614,1.5643,5.8686
6.3578,-4.0882,4.7738
4.5956,-12.053,0.31643
4.5956,-12.053,0.31643
3.9886,1.9553,5.6681
6.9416,-4.9906,4.6139
-3.0098,-3.5578,2.0886
-3.0098,-3.5578,2.0886
2.4402,2.8013,6.1296
6.4568,-3.7934,3.6116
0.51165,-4.8671,1.7543
0.51165,-4.8671,1.7543
3.2465,6.1515,5.8658
7.2621,-3.8413,3.9384
-1.2607,-1.4766,3.9631
-1.2607,-1.4766,3.9631
3.3967,3.5596,5.0727
9.2342,-3.4445,2.2927
-4.0724,1.0022,3.3369
-4.0724,1.0022,3.3369
7.7259,2.7498,5.2545
8.5986,-2.3482,2.4056
0.14355,-3.821,2.0888
0.14355,-3.821,2.0888
8.3426,2.0755,5.6445
4.3945,-2.176,2.8949
4.4261,-1.8035,0.67289
4.4261,-1.8035,0.67289
8.5668,0.78452,5.4976
3.8287,-2.1611,4.0386
3.2758,-4.231,1.2346
3.2758,-4.231,1.2346
9.9925,1.8338,4.3063
7.4764,-3.0351,3.2301
2.1859,-4.27,-0.37597
2.1859,-4.27,-0.37597
8.0185,1.6566,6.0098
-0.63689,-3.0035,1.9268
6.3217,-3.0204,0.27937
8.1085,-10.893,3.2447
7.6326,2.2802,4.9074
8.0823,-3.1885,2.6403
-0.3175,-2.0553,0.049386
-4.6369,20.365,6.7502
7.4841,0.52104,4.8328
8.6778,-2.9804,2.4475
-2.946,-8.545,-2.2482
7.8752,-2.5932,3.6552
5.8666,1.2795,5.0838
3.7289,-3.5261,3.6105
-2.8242,-3.5912,0.33301
7.0356,6.4778,1.9582
9.5775,3.3585,4.2505
4.4191,-4.1988,4.9734
0.52079,-6.4208,1.7242
4.843,7.6965,1.0594
8.4618,2.5127,3.6737
7.9064,-4.2449,3.6084
-1.4236,-7.389,2.1021
2.7092,8.3322,3.1051
9.1055,3.3217,4.7574
2.1683,-6.8404,5.7813
6.625,-8.5936,0.53892
7.2266,10.952,3.0774
8.8136,3.461,3.7507
8.9236,-4.2992,1.923
-1.7258,-9.793,2.7014
3.4361,11.341,2.6521
7.5216,4.0647,3.3283
8.6745,-5.2774,3.8266
2.8424,-8.9401,1.9416
8.0695,9.8396,3.4411
8.4372,4.6964,3.0786
10.044,-4.3058,4.4743
0.4324,-10.631,0.81677
5.7898,11.8,2.6705
5.992,6.8012,4.0928
13.739,-2.8696,4.3879
-0.7764,-10.731,2.7242
7.1819,10.094,2.5366
7.965,7.3592,4.8604
12.807,-4.4065,3.8415
10.244,-9.5174,3.1116
10.498,9.4424,1.5484
9.4039,6.4138,5.9551
12.863,-4.3621,2.4203
7.6826,-9.5988,4.3152
10.487,8.9636,2.6992
10.504,5.4671,2.8861
6.1772,-7.2375,3.704
6.6215,-10.196,5.0271
11.184,9.2135,1.5886
8.5051,6.165,1.5585
7.3107,-7.3386,4.3903
9.406,-9.1575,5.2757
13.104,10.26,2.2348
8.9485,6.9074,3.5106
7.7957,-7.4927,5.2777
8.376,-8.8322,5.4217
9.0474,10.787,2.212
7.4455,8.9289,2.9213
8.2644,-7.4612,5.4808
10.832,-8.2085,4.9896
10.421,12.92,2.2698
7.3117,8.0985,3.6915
5.5018,-8.831,5.5741
14.89,-8.9426,4.875
9.0986,9.5018,0.020422
1.7109,8.6775,3.5013
6.341,-8.7667,4.7331
-3.2678,-10.398,3.8284
9.1152,9.3036,0.55328
1.6143,7.0073,3.044
9.2746,-8.9656,4.999
-0.59163,-11.634,4.624
12.518,9.934,-0.86056
7.0418,8.2491,2.9887
4.7847,-7.5154,6.2119
2.1004,-19.944,1.2323
12.307,10.022,-0.66025
8.596,6.8621,3.0565
10.009,-8.4111,4.0203
10.009,-8.4111,4.0203
6.235,8.1173,-1.144
5.0351,7.1372,3.8368
10.065,-5.8836,5.0121
10.065,-5.8836,5.0121
8.8564,-12.02,1.6745
6.5577,6.0169,2.1827
10.042,-6.486,5.8837
10.042,-6.486,5.8837
5.0409,-8.7911,5.7859
6.4099,6.6774,3.9561
4.462,-7.6615,4.4265
4.462,-7.6615,4.4265
7.4448,-14.74,4.991
4.7333,5.672,6.9218
10.485,-6.2544,6.3121
10.485,-6.2544,6.3121
6.4108,-15.59,2.712
5.7875,6.3529,4.6786
8.082,-5.8611,4.0884
8.082,-5.8611,4.0884
5.2504,-14.843,6.4905
5.7042,5.9759,4.47
11.483,-5.0664,3.8035
11.483,-5.0664,3.8035
3.3981,-12.632,1.4948
4.9968,5.5653,5.4823
14.536,-6.4374,3.3018
10.343,-9.9827,2.1767
10.343,-9.9827,2.1767
2.6212,6.854,5.6035
16.327,-6.059,3.4148
12.608,-11.472,4.598
-6.3953,-5.0431,1.9819
4.5281,5.8372,3.74
14.694,-5.0682,0.1213
14.694,-5.0682,0.1213
6.1431,-1.9363,4.2437
6.4794,5.4014,4.5521
11.227,-2.0989,7.2683
11.227,-2.0989,7.2683
11.407,-16.209,3.4767
4.008,5.8007,4.6847
17.969,-3.8402,4.82
17.969,-3.8402,4.82
6.1874,-6.3337,4.3339
5.4053,5.9386,5.2161
16.408,-13.815,1.2889
16.408,-13.815,1.2889
4.3262,-7.732,3.6596
6.0484,5.9721,4.8421
12.041,-12.879,6.7432
12.041,-12.879,6.7432
-4.4531,-3.236,7.0233
4.1978,7.8498,5.3745
6.6515,16.01,8.0873
6.6515,16.01,8.0873
5.7359,-9.0768,2.4062
6.8956,7.4244,4.5866
10.832,1.9719,7.9759
10.832,1.9719,7.9759
4.8084,7.2793,1.8373
5.184,9.4234,7.7172
14.238,4.3741,5.6503
14.238,4.3741,5.6503
6.7991,-2.3079,3.8215
4.4307,11.156,10.307
9.0521,0.93019,5.5271
9.0521,0.93019,5.5271
9.0521,0.93019,5.5271
9.9523,8.6364,5.7477
12.638,2.0802,1.4394
10.415,-18.279,2.41
10.415,-18.279,2.41
8.1799,9.8897,5.2104
4.1973,4.4492,5.1336
4.1973,4.4492,5.1336
-2.1628,-1.4181,4.5442
11.105,11.538,2.2897
5.1089,4.5192,5.098
5.1089,4.5192,5.098
5.6759,1.1713,4.0117
2.3479,8.1874,4.5038
9.0683,4.2981,7.5729
9.0683,4.2981,7.5729
8.5421,0.25811,4.0302
8.0981,8.824,5.9036
11.293,2.7671,6.7799
11.293,2.7671,6.7799
5.5054,-29.345,5.9428
3.7264,8.5728,6.2559
12.705,2.215,5.1213
12.705,2.215,5.1213
12.705,2.215,5.1213
8.1396,7.1347,6.2063
8.6642,3.215,6.3198
8.6642,3.215,6.3198
8.6642,3.215,6.3198
5.1992,10.112,5.6644
10.883,3.2528,7.0472
10.883,3.2528,7.0472
10.883,3.2528,7.0472
2.9913,9.9115,4.4404
2.1681,2.7564,5.1498
2.1681,2.7564,5.1498
2.1681,2.7564,5.1498
6.7369,8.6544,4.4257
7.9868,2.5073,3.2968
7.9868,2.5073,3.2968
7.9868,2.5073,3.2968
3.7297,8.8766,2.77
2.8114,0.78391,3.1159
2.8114,0.78391,3.1159
2.8114,0.78391,3.1159
4.8923,9.2651,4.9024
8.0061,2.5827,5.875
6.8104,-0.13978,4.6442
6.8104,-0.13978,4.6442
6.092,9.6755,4.0025
7.4498,2.0421,5.6923
11.397,-4.1048,4.1767
11.397,-4.1048,4.1767
4.1513,10.21,4.2495
6.942,2.8894,5.192
14.796,-7.087,5.3616
14.796,-7.087,5.3616
1.65,10.632,4.4039
6.2713,1.9574,2.1073
6.2713,1.9574,2.1073
6.2713,1.9574,2.1073
1.9924,11.962,4.5235
5.0729,3.2617,3.3127
5.0729,3.2617,3.3127
5.0729,3.2617,3.3127
-2.233,11.827,5.791
10.402,2.6464,4.8475
11.333,0.34886,6.1574
11.333,0.34886,6.1574
-3.6294,11.046,6.0874
6.7537,3.1769,7.2947
14.558,-2.9559,3.3855
-3.8947,-0.037723,3.5461
-1.4023,11.249,4.1593
4.4928,4.0202,8.9064
6.1908,-11.496,0.30172
6.1908,-11.496,0.30172
-1.3597,12.508,6.3898
7.3521,4.468,5.8751
5.434,-11.761,-0.26089
4.5441,-1.2722,3.6563
0.55801,13.605,3.9995
5.5212,4.4747,5.9223
5.1025,-12.068,0.77464
8.3956,-2.2067,4.8562
4.1413,5.6945,4.2796
6.641,4.8054,5.3565
3.209,-8.7542,3.1083
-2.5963,1.8893,2.7067
1.8379,12.242,7.0603
6.4159,5.3339,4.8865
4.4911,-12.376,2.8684
-1.2071,2.5432,2.6253
-3.7682,15.469,5.813
5.0493,6.0556,4.8317
6.0864,-12.837,3.9388
7.3344,0.69509,1.7697
1.3657,13.074,5.9604
6.3116,6.2171,7.7512
7.6457,-11.648,3.7467
5.1945,2.2782,2.939
1.3483,14.484,4.5722
5.3085,5.835,4.1834
2.9869,-12.874,4.6633
5.3611,2.7871,1.4037
1.6492,15.9,4.9607
4.4738,5.9147,6.322
4.5061,-13.091,3.2062
5.6839,2.5609,1.1827
-0.48005,13.986,7.8467
6.0757,6.986,6.2195
3.9028,-13.908,2.1054
4.3632,2.0171,1.2249
2.7604,13.944,6.7361
3.1594,5.8898,6.612
4.8365,-13.983,2.8598
8.4448,3.4549,1.772
3.3088,13.183,3.72
2.8829,5.5629,6.0067
3.6079,-13.273,3.3467
7.4144,3.9928,3.4824
12.478,-2.6834,5.1527
1.7736,7.109,8.7239
8.1104,-11.533,4.356
8.7512,4.5396,2.8481
10.663,-1.27,2.1444
1.9932,5.8445,8.2849
10.303,-14.762,3.8321
6.3685,4.9736,2.2443
8.671,-1.237,4.4026
1.5725,7.5112,7.0975
12.859,-16.233,4.8663
10.617,6.5554,4.1113
13.742,-1.3733,3.348
3.1231,8.4404,7.1643
15.266,-13.274,3.2016
8.0922,6.3947,3.94
6.4835,-5.1097,7.7258
4.2821,8.3427,4.4113
12.742,-14.879,4.4285
10.026,7.4611,4.6566
11.169,-2.5777,4.4202
3.8909,8.2634,7.38
9.1805,-15.88,6.9674
4.4601,7.5424,4.6434
11.642,-3.5797,5.0078
2.4227,8.693,7.8318
10.581,-15.215,4.8095
6.6727,9.6328,2.5286
13.231,-3.4059,2.9931
3.0883,8.0406,5.0575
7.0632,-18.486,6.0805
12.303,6.7532,0.95036
7.9211,-5.3598,4.1086
5.033,6.883,5.0127
7.5587,-19.962,4.1887
10.239,6.2343,0.57018
4.6751,-7.2952,4.8297
3.5288,7.352,5.1942
4.6751,-7.2952,4.8297
10.507,6.212,1.552
1.6616,-8.0637,4.9326
6.6424,6.8445,3.1497
1.6616,-8.0637,4.9326
10.216,5.352,1.9603
7.2504,-6.5794,2.6838
4.4817,5.3823,1.1624
7.2504,-6.5794,2.6838
10.927,6.0994,1.2183
3.8614,-5.327,6.3385
4.9592,4.6177,1.19
3.8614,-5.327,6.3385
11.79,5.2443,0.54481
3.5134,-6.4922,6.5106
5.2011,6.0549,2.3759
3.5134,-6.4922,6.5106
11.883,5.5875,0.97992
8.2452,-12.77,4.8079
4.2398,5.5038,3.3602
8.2452,-12.77,4.8079
9.0546,5.8417,1.9966
6.4903,-6.4041,5.7391
2.6253,7.1572,3.4439
6.4903,-6.4041,5.7391
15.212,5.6146,1.1559
5.5007,-6.0051,4.3084
4.2175,7.3342,3.6663
5.5007,-6.0051,4.3084
16.067,9.1943,1.7302
6.7826,-4.8346,7.2612
3.8936,7.1922,3.8755
6.7826,-4.8346,7.2612
6.3496,-4.1878,5.7088
2.997,9.0212,3.9805
6.3496,-4.1878,5.7088
7.5912,-5.0861,3.7975
1.7841,9.1287,2.6805
7.5912,-5.0861,3.7975
6.486,-5.0964,2.9171
4.3749,10.919,4.7465
6.486,-5.0964,2.9171
2.7108,-4.5947,4.1811
4.2555,11.534,4.8452
2.7108,-4.5947,4.1811
2.1835,-4.3092,4.7469
3.0521,12.594,4.387
2.1835,-4.3092,4.7469
5.1557,-2.4522,4.8483
6.5401,14.936,1.8785
5.1557,-2.4522,4.8483
7.5214,-1.9966,5.152
11.308,12.821,-1.7833
7.5214,-1.9966,5.152
10.159,0.076007,4.4285
11.155,13.722,-0.91899
10.159,0.076007,4.4285
8.0446,-0.43116,4.128
9.5699,9.1299,5.6727
8.0446,-0.43116,4.128
7.9733,0.36985,3.5858
3.6176,-14.122,3.6755
7.9733,0.36985,3.5858
6.3498,0.031958,2.9875
-3.2323,-14.4,1.3037
6.3498,0.031958,2.9875
5.9743,0.17374,4.931
-2.1158,-11.618,1.5896
5.9743,0.17374,4.931
4.634,0.76081,6.3396
-2.5194,-19.74,2.3559
4.634,0.76081,6.3396
3.6065,2.4624,6.2845
7.3601,-9.9032,3.4785
3.6065,2.4624,6.2845
5.898,1.4959,5.8759
2.9387,-11.846,3.326
5.898,1.4959,5.8759
6.0142,1.6362,3.2344
2.3042,-11.276,1.9684
6.0142,1.6362,3.2344
7.321,-1.1537,2.9408
-2.6249,-13.811,2.8438
7.321,-1.1537,2.9408
4.0806,1.7724,4.8158
2.1738,-11.878,2.9815
4.0806,1.7724,4.8158
4.4938,2.0514,5.1342
3.7669,-10.688,1.2329
4.4938,2.0514,5.1342
-3.2142,2.4205,3.7542
1.647,-10.884,0.49055
-3.2142,2.4205,3.7542
-2.2343,2.8335,5.0834
3.8468,-10.008,2.1043
-2.2343,2.8335,5.0834
-0.62513,3.1595,5.2893
4.9858,-8.9236,4.9551
-0.62513,3.1595,5.2893
1.7467,-0.37366,4.619
2.783,-8.6243,3.699
1.7467,-0.37366,4.619
3.1017,-0.77674,5.5076
4.166,-8.8835,2.2492
3.1017,-0.77674,5.5076
8.7117,-1.5452,5.1223
2.1851,-8.9542,2.6636
8.7117,-1.5452,5.1223
13.135,-2.5641,4.7073
6.4859,-7.4204,2.4724
13.135,-2.5641,4.7073
13.398,-2.3769,5.7401
4.7763,-8.6781,3.3562
13.398,-2.3769,5.7401
5.0626,-2.3692,6.9719
5.3922,-8.5104,3.3365
5.0626,-2.3692,6.9719
12.391,-1.7985,4.0695
8.5626,-8.2744,2.1658
12.391,-1.7985,4.0695
8.5818,-3.5745,5.0582
4.8322,-9.2939,1.8693
8.5818,-3.5745,5.0582
8.6592,-4.0955,5.1867
5.1858,-6.8805,1.588
8.6592,-4.0955,5.1867
4.5523,-4.2322,6.277
2.3405,-7.614,1.9987
4.5523,-4.2322,6.277
6.6899,-3.4731,6.5256
-1.0937,-8.2571,0.49071
6.6899,-3.4731,6.5256
7.2698,-3.7379,5.5259
8.0909,-5.4161,2.375
7.2698,-3.7379,5.5259
7.0398,-2.8997,5.8073
1.2062,-9.7804,1.998
7.0398,-2.8997,5.8073
5.705,-0.39468,5.0405
3.4568,-6.4102,2.5375
5.705,-0.39468,5.0405
7.8605,-1.6021,5.2688
2.3863,-7.9458,2.2102
7.8605,-1.6021,5.2688
8.8728,0.09653,5.6872
-3.7599,-14.545,2.5383
8.8728,0.09653,5.6872
11.771,1.3466,5.835
11.771,1.3466,5.835
11.771,1.3466,5.835
2.2514,0.91877,5.384
1.9114,-12.13,2.2214
2.2514,0.91877,5.384
8.1301,0.93901,2.8956
5.0556,-11.977,5.1335
8.1301,0.93901,2.8956
4.7226,3.0764,2.1269
4.836,-9.1697,4.0614
4.7226,3.0764,2.1269
8.464,2.2323,1.7392
6.8681,-12.529,2.8885
8.464,2.2323,1.7392
11.086,4.5532,0.56537
7.6582,-12.156,4.0087
11.086,4.5532,0.56537
14.444,6.8152,-0.39936
5.6275,-16.065,3.9516
14.444,6.8152,-0.39936
22.215,12.918,0.49881
6.1985,-19.703,4.1488
22.215,12.918,0.49881
17.796,12.035,3.9619
7.6961,-14.759,4.6589
17.796,12.035,3.9619
6.704,-16.592,3.002
8.0725,-17.065,2.5794
7.5675,-17.701,3.9021
6.477,-17.567,3.1695
6.2672,-15.141,3.3775
8.0483,-16.155,5.3486
7.1408,-16.861,3.6382
9.5315,-16.413,4.4171
9.3575,-15.039,4.5474
8.027,-19.788,6.8706
10.636,-14.917,5.856
11.635,-16.489,7.0918
15.25,-18.042,4.8639
14.965,-16.577,6.5842
17.041,-17.633,6.6192
15.161,-16.473,7.8514
10.344,-15.704,6.1342
16.963,-14.782,6.6922
