301.50000000 173.50000000
379.50000000 173.50000000
342.50000000 158.50000000
342.50000000 169.50000000
342.50000000 184.50000000
319.50000000 161.50000000
360.50000000 163.50000000
320.50000000 182.50000000
364.50000000 184.50000000
140.50000000 171.50000000
216.50000000 173.50000000
176.50000000 153.50000000
177.50000000 169.50000000
176.50000000 183.50000000
154.50000000 159.50000000
199.50000000 160.50000000
155.50000000 181.50000000
196.50000000 180.50000000
285.50000000 122.50000000
416.50000000 149.50000000
348.50000000 119.50000000
313.50000000 119.50000000
386.50000000 123.50000000
109.50000000 126.50000000
229.50000000 126.50000000
173.50000000 120.50000000
139.50000000 119.50000000
208.50000000 122.50000000
259.50000000 140.50000000
260.50000000 247.50000000
260.50000000 196.50000000
236.50000000 168.50000000
235.50000000 196.50000000
235.50000000 230.50000000
281.50000000 168.50000000
283.50000000 197.50000000
284.50000000 230.50000000
213.50000000 233.50000000
208.50000000 258.50000000
220.50000000 278.50000000
304.50000000 233.50000000
310.50000000 258.50000000
287.50000000 281.50000000
234.50000000 262.50000000
282.50000000 262.50000000
183.50000000 352.50000000
204.50000000 338.50000000
232.50000000 327.50000000
255.50000000 330.50000000
276.50000000 324.50000000
301.50000000 335.50000000
329.50000000 353.50000000
204.50000000 365.50000000
233.50000000 367.50000000
255.50000000 367.50000000
276.50000000 368.50000000
301.50000000 365.50000000
234.50000000 346.50000000
256.50000000 347.50000000
276.50000000 347.50000000
462.50000000 188.50000000
475.50000000 183.50000000
 46.50000000 170.50000000
 30.50000000 171.50000000
442.50000000 119.50000000
443.50000000 223.50000000
426.50000000 331.50000000
386.50000000 407.50000000
334.50000000 445.50000000
256.50000000 465.50000000
178.50000000 444.50000000
130.50000000 408.50000000
 78.50000000 323.50000000
 70.50000000 220.50000000
 68.50000000 101.50000000
257.50000000 490.50000000
