-17033.69921875 92359.73437500 32399.36523438
-43934.26953125 86849.43750000 34080.33593750
-31934.69140625 96280.46093750 39018.28515625
-32399.86718750 94614.81250000 34797.08203125
-32467.73437500 93417.95312500 29315.36328125
-23862.46875000 93830.05468750 36756.28515625
-37986.52734375 94091.80468750 37360.94140625
-25595.56054688 93919.44531250 29889.31835938
-38288.29296875 90838.73437500 30155.69140625
43593.38671875 87412.94531250 34257.57421875
16391.96289063 91702.35156250 32711.80664063
29164.00000000 95972.63281250 39298.10546875
29258.55664063 94692.13281250 34357.73046875
29458.55664063 93770.81250000 29444.70117188
36811.39843750 93296.79687500 37123.63671875
23388.38085938 94127.89843750 37357.52734375
36877.71484375 91256.93750000 30016.32812500
22776.42578125 93792.20312500 29958.22070313
-15447.12890625 106751.55468750 49185.10937500
-56463.65625000 82288.54687500 47800.08984375
-35321.81250000 102238.80468750 53018.26171875
-24963.93359375 105594.68750000 51683.93359375
-45478.03125000 96310.55468750 51816.73437500
55811.39453125 82635.17968750 47336.85546875
14552.82714844 107379.61718750 50586.94140625
35936.15625000 101438.52343750 53583.87109375
46814.92968750 94356.04687500 52762.63281250
25715.45507813 105030.92187500 52169.59765625
-240.48533630 108079.59375000 41728.11718750
2.72319674 131227.40625000 -111.86415863
-83.66902924 121044.38281250 20059.56640625
7947.49658203 103723.59375000 32968.97265625
8029.81201172 114543.90625000 19404.47851563
8488.06835938 124214.59375000 8995.95410156
-8239.96386719 103878.90625000 33076.34375000
-7383.19921875 115799.03906250 19932.29687500
-8460.64550781 124324.88281250 8945.22753906
15249.36914063 107758.37500000 5166.45507813
17182.39062500 107944.74218750 -2069.16772461
12265.56152344 108133.64843750 -9212.56054688
-13505.38867188 114598.81250000 5713.55664063
-17224.30078125 106909.62500000 588.88726807
-14230.24121094 107017.03125000 -8272.07812500
7880.71337891 111917.17968750 -5405.04980469
-7585.01904297 112257.81250000 -5051.71875000
22920.67382813 99158.77343750 -32435.67187500
15755.03222656 110131.27343750 -26989.39453125
6871.68847656 115285.92187500 -23819.76757813
744.62847900 116113.64843750 -25679.96679688
-6628.36718750 115463.19531250 -23768.17773438
-15368.84667969 110961.86718750 -26163.88867188
-24290.27734375 99067.96093750 -32835.55468750
15642.44335938 107652.71875000 -37350.49609375
6437.38378906 112362.54687500 -40278.78906250
-154.68415833 112943.67968750 -40559.19531250
-8305.69335938 112062.03906250 -40060.29687500
-15899.01464844 107789.82031250 -38235.72265625
6944.69482422 110366.93750000 -32126.53710938
787.68939209 110643.72656250 -31374.42382813
-7237.00244141 106998.75000000 -31416.02148438
-80592.85937500 -1296.36267090 35407.61328125
-86191.04687500 -1797.41345215 37350.13671875
79922.13281250 926.22454834 35538.00000000
86328.92187500 -353.77288818 37189.17578125
-68686.11718750 48881.30078125 56667.65234375
-71837.65625000 26479.02343750 23014.26367188
-67606.42187500 12735.86914063 -17359.64453125
-55904.37890625 30969.00390625 -48822.23046875
-33181.88281250 75705.27343750 -68905.67187500
-2187.29492188 102861.80468750 -74203.10156250
26908.17968750 83775.24218750 -71584.61718750
56559.51171875 13244.39062500 -49135.66796875
66166.07031250 26187.37695313 -18377.19140625
72633.80468750 16699.07421875 25388.97070313
67749.48437500 47737.89843750 54936.65625000
-3496.90869141 74198.03906250 -82255.30468750
